  1.01256 -0.0483951 0
  0.999779 -0.0119027 0
  0.996413 0.0571349 0
  1.08674 0.0703793 0
  0.996096 0.0986671 0
  0.972124 0.25165 0
  1.04917 0.22846 0
  1.02872 0.224044 0
  0.939953 0.289258 0
  0.983457 0.303041 0
  0.970767 0.40895 0
  1.02195 0.379203 0
  0.91263 0.410486 0
  0.99916 0.412831 0
  1.06912 0.446351 0
  0.905195 0.356497 0
  0.973802 0.552296 0
  0.944733 0.527631 0
  0.935992 0.534803 0
  0.916748 0.638176 0
  0.936361 0.65033 0
  0.925523 0.664771 0
  0.846382 0.662934 0
  0.894384 0.756474 0
  0.803011 0.792155 0
  0.77502 0.741373 0
  0.732143 0.874108 0
  0.750035 0.767534 0
  0.777326 0.754746 0
  0.694042 0.880789 0
  0.585884 0.875034 0
  0.757133 0.881113 0
  0.570731 0.966593 0
  0.554175 0.964011 0
  0.471513 1.03012 0
  0.507085 1.04666 0
  0.494888 1.09863 0
  0.425388 1.03433 0
  0.445362 1.22713 0
  0.466334 1.1539 0
  0.395743 1.08041 0
  0.284587 1.22827 0
  0.19766 1.14696 0
  0.206046 1.09121 0
  0.248241 1.16282 0
  0.142126 1.19879 0
  0.150374 1.28702 0
  0.0364424 1.24925 0
  0.101856 1.29444 0
  0.115178 1.17935 0
  -0.00606672 1.29125 0
  -0.0666351 1.25126 0
  -0.174642 1.19502 0
  -0.17025 1.25015 0
  -0.143096 1.26634 0
  -0.1465 1.30476 0
  -0.255965 1.28433 0
  -0.339572 1.28172 0
  -0.242963 1.26906 0
  -0.353015 1.27781 0
  -0.414625 1.28547 0
  -0.425226 1.13311 0
  -0.465681 1.26428 0
  -0.545316 1.19418 0
  -0.59505 1.22735 0
  -0.597594 1.15202 0
  -0.602561 1.18428 0
  -0.676578 1.1103 0
  -0.753622 1.13532 0
  -0.738425 1.14309 0
  -0.789086 1.06991 0
  -0.855233 1.20459 0
  -0.886937 1.10943 0
  -0.86507 1.00745 0
  -0.916194 0.973497 0
  -0.935285 1.02604 0
  -1.00128 0.903323 0
  -1.03929 0.91873 0
  -1.05058 0.887001 0
  -1.21761 0.864615 0
  -1.11723 0.803755 0
  -1.12241 0.842961 0
  -1.17553 0.739383 0
  -1.26916 0.641749 0
  -1.31569 0.644805 0
  -1.29581 0.668715 0
  -1.34428 0.555016 0
  -1.27011 0.568265 0
  -1.31472 0.538878 0
  -1.44748 0.50398 0
  -1.35716 0.472565 0
  -1.47438 0.374926 0
  -1.37913 0.335097 0
  -1.44751 0.347015 0
  -1.44432 0.303085 0
  -1.4245 0.206476 0
  -1.4931 0.22615 0
  -1.48091 0.128239 0
  -1.4163 0.0562546 0
  -1.48892 0.0531893 0
  -1.51049 0.0436035 0
  -1.46441 0.0162195 0
  -1.4559 -0.0492787 0
  -1.47813 -0.123511 0
  -1.4947 -0.139314 0
  -1.5058 -0.305814 0
  -1.5816 -0.25071 0
  -1.47964 -0.331326 0
  -1.51299 -0.380834 0
  -1.4055 -0.449099 0
  -1.48896 -0.409609 0
  -1.37342 -0.468096 0
  -1.39005 -0.58899 0
  -1.52415 -0.677121 0
  -1.4069 -0.651394 0
  -1.46677 -0.752176 0
  -1.33655 -0.76886 0
  -1.38284 -0.846337 0
  -1.27831 -0.83563 0
  -1.27837 -0.893311 0
  -1.27685 -0.951359 0
  -1.27159 -0.981477 0
  -1.20911 -1.13937 0
  -1.28655 -1.08781 0
  -1.24501 -1.12004 0
  -1.21906 -1.20067 0
  -1.07544 -1.12926 0
  -1.0341 -1.19984 0
  -1.04904 -1.13449 0
  -1.05339 -1.40533 0
  -0.9714 -1.32819 0
  -0.924703 -1.34833 0
  -0.831666 -1.3687 0
  -0.853871 -1.43348 0
  -0.79363 -1.43747 0
  -0.731065 -1.50291 0
  -0.637929 -1.49101 0
  -0.654557 -1.50673 0
  -0.639022 -1.62179 0
  -0.629855 -1.56213 0
  -0.637878 -1.62444 0
  -0.441325 -1.62799 0
  -0.453207 -1.62862 0
  -0.335308 -1.57185 0
  -0.340225 -1.65658 0
  -0.195807 -1.71408 0
  -0.30075 -1.71978 0
  -0.110571 -1.73983 0
  -0.11306 -1.67079 0
  -0.107984 -1.70953 0
  0.011176 -1.68791 0
  0.0127237 -1.87586 0
  0.137231 -1.72736 0
  0.191961 -1.80448 0
  0.204207 -1.76351 0
  0.274344 -1.75242 0
  0.248815 -1.78377 0
  0.350202 -1.80008 0
  0.488056 -1.65043 0
  0.536185 -1.77844 0
  0.461874 -1.86553 0
  0.563622 -1.70593 0
  0.628417 -1.69989 0
  0.736927 -1.72056 0
  0.760361 -1.65847 0
  0.891994 -1.66112 0
  0.91119 -1.54606 0
  0.868185 -1.5856 0
  1.03538 -1.58053 0
  1.08257 -1.51572 0
  1.0691 -1.44982 0
  1.14536 -1.48414 0
  1.20551 -1.38945 0
  1.2795 -1.46687 0
  1.25045 -1.30699 0
  1.28949 -1.4758 0
  1.3779 -1.28293 0
  1.41503 -1.31303 0
  1.43843 -1.17574 0
  1.44535 -1.15725 0
  1.58578 -1.07922 0
  1.62528 -1.09184 0
  1.64608 -0.98951 0
  1.61635 -1.07063 0
  1.78046 -0.823066 0
  1.78698 -0.912708 0
  1.72523 -0.788427 0
  1.72123 -0.694213 0
  1.81408 -0.68182 0
  1.81546 -0.583845 0
  1.8446 -0.66458 0
  1.87963 -0.606419 0
  1.89898 -0.484158 0
  1.96325 -0.382117 0
  1.92404 -0.325225 0
  1.97204 -0.344783 0
  2.07624 -0.246252 0
  1.99639 -0.19699 0
  1.93673 -0.0955815 0
  2.04881 -0.0453567 0
  -0.994781 0.0242982 1
  -1.01111 -0.0791344 1
  -0.993255 -0.0571077 1
  -0.998625 -0.165123 1
  -1.07444 -0.137557 1
  -1.04187 -0.153126 1
  -1.04684 -0.137505 1
  -1.02646 -0.275175 1
  -1.11147 -0.282578 1
  -0.960459 -0.375483 1
  -0.980047 -0.335355 1
  -1.12265 -0.318457 1
  -1.03578 -0.374349 1
  -0.984077 -0.412078 1
  -1.00062 -0.517085 1
  -0.982843 -0.489976 1
  -0.990667 -0.534273 1
  -0.951325 -0.492103 1
  -0.972591 -0.454676 1
  -0.838067 -0.627371 1
  -0.811756 -0.671281 1
  -0.867875 -0.695913 1
  -0.786891 -0.730285 1
  -0.847612 -0.83231 1
  -0.834558 -0.801763 1
  -0.857006 -0.814227 1
  -0.845315 -0.819593 1
  -0.71737 -0.818421 1
  -0.806518 -0.867097 1
  -0.664616 -0.877707 1
  -0.676855 -0.93352 1
  -0.635542 -0.991703 1
  -0.558659 -1.03399 1
  -0.549333 -1.03028 1
  -0.462478 -0.977938 1
  -0.465173 -1.06489 1
  -0.498634 -1.07924 1
  -0.410589 -1.11083 1
  -0.491362 -1.12055 1
  -0.358253 -1.08945 1
  -0.421915 -1.25339 1
  -0.249618 -1.2466 1
  -0.364548 -1.17978 1
  -0.265996 -1.13371 1
  -0.248871 -1.14208 1
  -0.315981 -1.21313 1
  -0.157634 -1.19629 1
  -0.0282305 -1.22311 1
  -0.0335127 -1.20351 1
  0.0333019 -1.26916 1
  0.0255682 -1.21239 1
  0.0629152 -1.32119 1
  0.0655937 -1.18352 1
  0.186301 -1.25496 1
  0.0737272 -1.25608 1
  0.127576 -1.27979 1
  0.28662 -1.25982 1
  0.344728 -1.24046 1
  0.291017 -1.304 1
  0.298037 -1.26722 1
  0.460077 -1.20127 1
  0.40829 -1.21852 1
  0.448952 -1.16857 1
  0.512092 -1.21095 1
  0.567921 -1.22612 1
  0.586086 -1.19921 1
  0.617018 -1.15666 1
  0.659503 -1.21016 1
  0.771323 -1.20248 1
  0.732537 -1.1345 1
  0.786237 -1.2167 1
  0.892451 -1.06876 1
  0.811737 -0.998416 1
  0.95838 -1.06089 1
  1.01053 -0.980058 1
  0.880682 -0.960399 1
  1.11131 -0.881177 1
  1.05887 -0.906009 1
  1.0778 -0.821476 1
  1.1431 -0.879022 1
  1.08044 -0.841495 1
  1.05291 -0.756485 1
  1.24104 -0.797301 1
  1.21782 -0.638743 1
  1.23085 -0.766916 1
  1.22784 -0.76044 1
  1.28233 -0.677893 1
  1.35372 -0.569657 1
  1.40274 -0.490855 1
  1.39118 -0.639703 1
  1.3734 -0.446025 1
  1.46775 -0.419572 1
  1.46004 -0.431796 1
  1.47196 -0.24675 1
  1.4025 -0.342761 1
  1.45521 -0.219451 1
  1.51649 -0.221924 1
  1.43102 -0.187342 1
  1.51505 0.011937 1
  1.45162 -0.0487629 1
  1.42999 0.0567257 1
  1.57049 -0.0339999 1
  1.50795 0.0558215 1
  1.54869 0.161651 1
  1.54366 0.266359 1
  1.56002 0.232284 1
  1.50848 0.279716 1
  1.53304 0.291935 1
  1.51836 0.325327 1
  1.44952 0.439461 1
  1.44529 0.492206 1
  1.49894 0.523975 1
  1.4565 0.582267 1
  1.48577 0.618723 1
  1.36409 0.631865 1
  1.42097 0.664578 1
  1.43232 0.728484 1
  1.4198 0.774401 1
  1.36563 0.906843 1
  1.27586 0.903313 1
  1.26239 0.907002 1
  1.20708 0.947867 1
  1.225 1.02804 1
  1.21852 1.09231 1
  1.27026 1.18057 1
  1.16704 1.15303 1
  1.17346 1.21594 1
  1.08678 1.2604 1
  1.01588 1.28028 1
  0.929498 1.21835 1
  0.900986 1.34431 1
  0.908525 1.49425 1
  0.911941 1.33572 1
  0.756746 1.57915 1
  0.731536 1.41292 1
  0.701236 1.50469 1
  0.75821 1.52647 1
  0.701637 1.55464 1
  0.553033 1.58689 1
  0.633232 1.6052 1
  0.481953 1.6327 1
  0.576319 1.67889 1
  0.470294 1.64488 1
  0.37608 1.74691 1
  0.339821 1.64832 1
  0.327829 1.66158 1
  0.21618 1.76043 1
  0.275195 1.73229 1
  0.0737495 1.75541 1
  0.0418317 1.84276 1
  -0.0276575 1.71811 1
  -0.0421094 1.7708 1
  -0.140559 1.87067 1
  -0.200494 1.84613 1
  -0.123745 1.788 1
  -0.320457 1.72164 1
  -0.30198 1.75613 1
  -0.438198 1.72437 1
  -0.474159 1.73774 1
  -0.526162 1.66469 1
  -0.564429 1.81991 1
  -0.671412 1.73438 1
  -0.602194 1.67478 1
  -0.733083 1.68378 1
  -0.746379 1.65987 1
  -0.871379 1.64878 1
  -0.835958 1.52388 1
  -0.888767 1.61118 1
  -1.06176 1.51519 1
  -1.12643 1.48746 1
  -1.0182 1.45438 1
  -1.13051 1.41583 1
  -1.0982 1.34392 1
  -1.27176 1.42489 1
  -1.22254 1.3119 1
  -1.32336 1.36958 1
  -1.37793 1.25588 1
  -1.42326 1.33551 1
  -1.45196 1.29967 1
  -1.48691 1.1722 1
  -1.5326 1.13687 1
  -1.62828 1.04943 1
  -1.63406 1.07242 1
  -1.73866 0.930012 1
  -1.74695 0.995947 1
  -1.67588 0.980585 1
  -1.68488 0.78292 1
  -1.78758 0.810746 1
  -1.88033 0.687426 1
  -1.78226 0.655148 1
  -1.95857 0.578572 1
  -1.8588 0.527716 1
  -1.90073 0.504921 1
  -1.93995 0.383879 1
  -1.92205 0.309949 1
  -1.98099 0.264929 1
  -2.01455 0.297868 1
  -2.0444 0.28027 1
  -2.01164 0.237396 1
  -1.97829 0.000256631 1  