  -0.124352 -0.880616
  -1.00601 -1.25986
  -0.653915 -1.13603
  -1.16697 -1.73258
  -0.450224 -1.09621
  -0.198552 -0.889551
  1.10479 0.01655
  -1.36055 -1.62634
  -0.58253 -0.83074
  -0.0700919 -0.857848
  -0.45694 -0.915779
  1.67736 0.0898025
  -0.364155 -0.953316
  -0.183788 -0.774033
  0.343174 -0.311243
  0.158825 -0.741244
  0.649473 -0.541986
  0.617854 -0.66179
  -0.4622 -1.11561
  -0.040007 -0.688137
  1.75789 0.322787
  1.17789 0.217843
  -1.78031 -2.11156
  -0.636412 -1.39503
  -1.63796 -1.60768
  0.740988 -0.172365
  -0.413478 -0.84899
  0.347385 -0.743838
  -0.0126613 -0.719407
  0.177498 -0.357293
  -1.49271 -1.37597
  -0.0561321 -0.721864
  -0.794011 -1.6164
  0.285264 -0.632162
  0.141437 -0.716164
  -2.93126 -2.24119
  -1.0264 -1.38717
  -0.484123 -1.22136
  1.27901 0.0540091
  -0.539182 -1.10415
  0.532981 -0.460944
  -0.851348 -1.1229
  -0.767006 -1.08701
  -0.489173 -1.19095
  -0.415499 -1.17673
  0.0362166 -0.789201
  0.0876071 -0.673196
  -1.70267 -1.77515
  -1.03388 -1.30328
  -0.448495 -0.766336
  0.335826 -0.967934
  0.70279 -0.378942
  -0.517239 -1.11793
  0.564181 -0.392602
  -0.691421 -0.776277
  0.0674774 -0.789196
  0.885639 -0.333934
  0.14016 -0.758844
  -0.0573084 -1.15241
  0.458144 -0.596893
  1.76309 -0.0915234
  0.155102 -0.620493
  -0.864195 -1.61365
  0.54747 -0.5167
  0.658515 -0.598239
  -1.10685 -1.27136
  0.331304 -0.371778
  -1.939 -1.56784
  0.644577 -0.288113
  -0.772741 -1.29565
  -0.83954 -1.40476
  -1.71856 -1.93351
  1.09836 -0.297564
  0.630328 -0.525246
  -1.28302 -1.4745
  0.052325 -0.626619
  -0.148708 -0.693601
  -0.800085 -1.4111
  0.287572 -0.909839
  -0.75161 -1.39657
  0.235587 -0.469134
  0.899082 -0.229244
  0.535657 -0.720415
  1.24855 -0.429398
  0.467072 -0.359354
  -1.2708 -1.49649
  0.393244 -0.322696
  1.8967 0.315675
  -2.10749 -1.90702
  0.288864 -0.698224
  -0.626852 -0.895897
  -0.586078 -0.909997
  -0.831786 -1.02169
  1.1098 -0.356455
  -0.0656895 -0.948922
  -1.29806 -1.2894
  -0.882884 -1.41868
  0.215371 -1.20068
  0.207952 -0.758084
  -0.523152 -1.13076  