  1.04697 0.992226
  -0.11354 0.0167511
  1.52328 1.54243
  -0.454598 0.0200464
  -1.43923 0.0496947
  -0.254238 0.232601
  0.360462 0.242756
  1.0054 0.998712
  -1.27978 0.0227088
  -1.4966 0.0474595
  -2.48311 0.623939
  -0.530165 0.106191
  0.545822 0.548966
  0.303652 0.377571
  0.847664 0.926125
  -0.0280046 0.277997
  2.01067 1.99811
  2.12237 2.45384
  -0.803034 0.0406545
  -1.92729 0.237073
  -0.595693 0.0849233
  0.0976877 0.219332
  -1.39323 0.0425999
  1.34836 1.25241
  -1.11919 -0.0387063
  1.41628 1.44118
  0.278995 0.439319
  -1.23728 0.064425
  0.915648 1.06832
  1.23394 1.04367
  1.39229 1.53246
  -0.859032 0.147685
  0.509123 0.556504
  1.22528 1.26789
  0.368083 0.385895
  0.267632 0.570703
  -1.60945 0.279186
  -1.26055 0.107213
  -0.0385924 0.48191
  0.278573 0.508301
  -1.13997 0.0150676
  -0.0347177 0.369763
  0.794159 0.703254
  -0.927305 0.02424
  -0.0463349 0.353778
  -0.0311316 0.246398
  1.41255 1.5229
  0.334872 0.597114
  -0.704944 0.111439
  0.0567365 0.237831
  1.38976 1.29341
  -1.36316 0.0973921
  -0.40554 0.224617
  1.38331 1.33287
  -1.35045 0.204695
  -0.96956 0.265156
  -0.379015 0.0618702
  1.33226 1.2615
  -0.0953436 0.151682
  1.06077 0.70927
  -1.59456 0.217511
  0.269705 0.434091
  0.449349 0.370286
  -0.607346 -0.0216226
  0.724343 0.915631
  0.651637 0.66365
  -0.295565 0.193107
  1.42843 1.31744
  1.29917 1.34603
  -0.397713 0.0748248
  -0.427554 0.0258093
  -0.252897 0.0890485
  1.93693 2.17616
  0.13471 0.411554
  0.00431548 0.358138
  -1.73335 0.237707
  0.983296 1.05405
  0.271115 0.537261
  -0.643051 0.145688
  -1.39548 0.0791003
  -0.309732 0.061046
  -0.230973 0.242793
  -0.997846 -0.176122
  -1.12931 -0.0261243
  -0.833491 0.124419
  2.0026 1.96592
  0.658764 0.762328
  0.999722 1.20856
  0.210529 0.236547
  -0.0202772 0.349677
  -0.227757 0.211387
  0.447419 0.584498
  0.95649 1.01185
  1.27374 1.30187
  -1.13869 0.218816
  1.71547 1.86951
  -0.625656 -0.045284
  2.1874 2.40486
  0.176905 0.467267
  0.937617 0.798688  